{
 "cells": [
  {
   "cell_type": "markdown",
   "metadata": {},
   "source": [
    "This script is meant to run in a ROS1 environment to convert the lidar data in the livox_ros_driver message type to livox_ros_driver2 message type\n",
    "\n",
    "The livox_ros_driver is at\n",
    "https://github.com/Livox-SDK/livox_ros_driver\n",
    "\n",
    "The livox_ros_driver2 is at\n",
    "https://github.com/Livox-SDK/livox_ros_driver2\n",
    "\n",
    "\n",
    "Once the bag file is converted to livox_ros_driver2 in ROS 1, it can be quickly converted to ROS 2 by the rosbags-convert command. The rosbags package can be installed from pip\n",
    "```\n",
    "pip3 install rosbags\n",
    "```\n",
    "\n",
    "To convert to ROS 2, we need the definition of the message in ROS 2, which can be downloaded at:\n",
    "https://github.com/brytsknguyen/livox_ros_driver2\n"
   ]
  },
  {
   "cell_type": "code",
   "execution_count": null,
   "metadata": {},
   "outputs": [],
   "source": [
    "import os, sys, glob, time\n",
    "\n",
    "import numpy as np\n",
    "import pandas as pd\n",
    "\n",
    "import math\n",
    "\n",
    "# Parallel proces\n",
    "from myparproc.ParProc import ParProc\n",
    "from myparproc.ProgressCheck import ProgressCheck\n",
    "\n",
    "# Linear algebra\n",
    "import myutil.myutil as util\n",
    "\n",
    "# Plotting tools\n",
    "import matplotlib.pyplot as plt\n",
    "\n",
    "\n",
    "import rospy, rosbag\n",
    "\n",
    "# For logging to csv\n",
    "import csv\n",
    "\n",
    "from livox_ros_driver.msg import CustomMsg as lvCloud\n",
    "from livox_ros_driver.msg import CustomPoint as lvPoint\n",
    "\n",
    "from livox_ros_driver2.msg import CustomMsg as lvCloud2\n",
    "from livox_ros_driver2.msg import CustomPoint as lvPoint2\n",
    "\n",
    "# For kd tree search\n",
    "# import pcl, pcl_ros, pcl_msgs\n",
    "\n",
    "# For load/unloading pcd/ply\n",
    "# import pypcd\n",
    "# from pypcd import pypcd\n",
    "\n",
    "# For loading/unloading pcd/ply\n",
    "# from pyntcloud import PyntCloud\n",
    "\n",
    "# Some processing or plotting\n",
    "# import open3d as o3d\n",
    "\n",
    "# from ceva import Ceva\n",
    "\n",
    "# Lidar topic\n",
    "lidar_topic = '/livox/lidar'\n",
    "\n",
    "# Location of the data in livox_ros_driver\n",
    "dataset_loc = '/media/tmn/mySataSSD2/MCDVIRAL_slictros2/ntu_day_01/ntu_day_01_mid70.bag'\n",
    "\n",
    "# Output in livox_ros_driver2\n",
    "output_loc = '/media/tmn/mySataSSD2/MCDVIRAL_slictros2/ntu_day_01/ntu_day_01_mid70_driver2'\n",
    "\n",
    "# Minimum distance\n",
    "min_range = 0.75\n",
    "\n",
    "# Extrinsic of livox lidar wrt to body frame\n",
    "atv_T_B_Ll = np.array([[ 0.99985813160508060000, -0.0002258196228773494, -0.0168423771687589430, -0.010514839241742317],\n",
    "                       [-0.00017111407692153792, -0.9999947058517530000,  0.0032494597148797887, -0.008989784841758377],\n",
    "                       [-0.01684302179448474500, -0.0032461167514232880, -0.9998528768488223000,  0.037356468638334630],\n",
    "                       [ 0.00000000000000000000,  0.0000000000000000000,  0.0000000000000000000,  1.000000000000000000]])\n",
    "\n",
    "hhs_T_B_Ll = np.array([[ 1.0,  0.0,  0.0, 0.020],\n",
    "                       [ 0.0, -1.0,  0.0, 0.000],\n",
    "                       [ 0.0,  0.0, -1.0, 0.037],\n",
    "                       [ 0.0,  0.0,  0.0, 1.000]])\n",
    "\n",
    "# Extrinsic of ouster lidar wrt to body frame\n",
    "atv_T_B_Lo = np.array([[ 0.999934655205122900,  0.003477624535771754, -0.010889970036688295, -0.060649229060416594],\n",
    "                       [ 0.003587143302461965, -0.999943027982117100,  0.010053516443599904, -0.012837544242408117],\n",
    "                       [-0.010854387257665576, -0.010091923381711220, -0.999890161647627000, -0.020492606896077407],\n",
    "                       [ 0.000000000000000000,  0.000000000000000000,  0.000000000000000000,  0.000000000000000000]])\n",
    "\n",
    "hhs_T_B_Lo = np.array([[ 0.999913504074183700, -0.011166365511073898, -0.006949579221822984, -0.048945211204946950],\n",
    "                       [-0.011356389542502144, -0.999545300686582400, -0.027932495268565650, -0.031269290603480840],\n",
    "                       [-0.006634514801117132,  0.028009001350326540, -0.999585653686922000, -0.017555157942225650],\n",
    "                       [ 0.000000000000000000,  0.000000000000000000,  0.000000000000000000,  0.000000000000000000]])\n",
    "# Merge rate\n",
    "step_size = 200\n",
    "\n",
    "# Number of points from ouster to be downsampled to\n",
    "os_ds_points = 50000\n"
   ]
  },
  {
   "cell_type": "code",
   "execution_count": null,
   "metadata": {},
   "outputs": [],
   "source": [
    "# Check for existing livox and ouster data\n",
    "bag_files = glob.glob(dataset_loc)\n",
    "os.makedirs(output_loc, exist_ok=True)\n",
    "\n",
    "for bag in bag_files:\n",
    "\n",
    "    # Get the sequence name\n",
    "    seq = os.path.basename(bag).replace('.bag', '')\n",
    "\n",
    "    # Read the bag file\n",
    "    livox_ros_driver1_bag = rosbag.Bag(bag, 'r')\n",
    "\n",
    "    # Create the output the bag file\n",
    "    livox_ros_driver2_bag = rosbag.Bag(output_loc + '/' + seq + '_driver2_.bag', 'w')\n",
    "\n",
    "    # Read the livox messages into buffer\n",
    "    bag_info = livox_ros_driver1_bag.get_type_and_topic_info()\n",
    "    total_messages = sum([info.message_count for topic, info in bag_info.topics.items()])\n",
    "    lvpc = []\n",
    "    prock = ProgressCheck(total_messages)\n",
    "    for topic, msg, t in livox_ros_driver1_bag.read_messages():\n",
    "        out_msg = lvCloud2()\n",
    "        out_msg.header    = msg.header\n",
    "        out_msg.timebase  = msg.timebase\n",
    "        out_msg.point_num = msg.point_num\n",
    "        out_msg.lidar_id  = msg.lidar_id\n",
    "        out_msg.rsvd      = msg.rsvd\n",
    "        out_msg.points    = msg.points\n",
    "        print(f\"time: {msg.points[0].offset_time:d}, {msg.points[-1].offset_time:d}.\")\n",
    "        livox_ros_driver2_bag.write('/livox/lidar', out_msg, t)\n",
    "        prock.updateProgress(f\"Coverting cloud {seq} \")\n",
    "\n",
    "    livox_ros_driver1_bag.close()\n",
    "    livox_ros_driver2_bag.close()"
   ]
  }
 ],
 "metadata": {
  "kernelspec": {
   "display_name": "Python 3",
   "language": "python",
   "name": "python3"
  },
  "language_info": {
   "codemirror_mode": {
    "name": "ipython",
    "version": 3
   },
   "file_extension": ".py",
   "mimetype": "text/x-python",
   "name": "python",
   "nbconvert_exporter": "python",
   "pygments_lexer": "ipython3",
   "version": "3.8.10"
  },
  "orig_nbformat": 4
 },
 "nbformat": 4,
 "nbformat_minor": 2
}
